%YAML:1.0
---
K1: !!opencv-matrix
   rows: 3
   cols: 3
   dt: d
   data: [ 7.1208738815096990e+02, 0., 4.7560234596855952e+02, 0.,
       7.1275482384360157e+02, 2.9901627437530010e+02, 0., 0., 1. ]
D1: !!opencv-matrix
   rows: 1
   cols: 5
   dt: d
   data: [ -2.9898314055821879e-01, 1.1028594276450204e-01, 0., 0., 0. ]
K2: !!opencv-matrix
   rows: 3
   cols: 3
   dt: d
   data: [ 7.1362944534484802e+02, 0., 4.8124104377030983e+02, 0.,
       7.1431505347281598e+02, 2.8212526273366518e+02, 0., 0., 1. ]
D2: !!opencv-matrix
   rows: 1
   cols: 5
   dt: d
   data: [ -2.9936822026249188e-01, 1.1194788742265693e-01, 0., 0., 0. ]
R: !!opencv-matrix
   rows: 3
   cols: 3
   dt: d
   data: [ 9.9990007831434302e-01, -1.3957535224301447e-02,
       2.2406689699930094e-03, 1.3951139409295319e-02,
       9.9989863037028059e-01, 2.8451173647830912e-03,
       -2.2801526600454238e-03, -2.8135731906896600e-03,
       9.9999344233337228e-01 ]
T: !!opencv-matrix
   rows: 3
   cols: 1
   dt: d
   data: [ -2.0039966603500670e-01, -1.2579008771554259e-03,
       -2.3612483408393793e-05 ]
R1: !!opencv-matrix
   rows: 3
   cols: 3
   dt: d
   data: [ 9.9996767417837207e-01, -7.6813907108256871e-03,
       2.3763070181992709e-03, 7.6780306731917894e-03,
       9.9996951542729606e-01, 1.4198806570287932e-03,
       -2.3871412355845841e-03, -1.4015894000452905e-03,
       9.9999616854459750e-01 ]
R2: !!opencv-matrix
   rows: 3
   cols: 3
   dt: d
   data: [ 9.9998029352158246e-01, 6.2768372485257403e-03,
       1.1782463790291101e-04, -6.2766647808569793e-03,
       9.9997930589121020e-01, -1.4111231562530830e-03,
       -1.2667959001645712e-04, 1.4103558022300130e-03,
       9.9999899742389375e-01 ]
P1: !!opencv-matrix
   rows: 3
   cols: 4
   dt: d
   data: [ 6.9972691554787775e+02, 0., 4.7632612609863281e+02, 0., 0.,
       6.9972691554787775e+02, 2.9151318740844727e+02, 0., 0., 0., 1.,
       0. ]
P2: !!opencv-matrix
   rows: 3
   cols: 4
   dt: d
   data: [ 6.9972691554787775e+02, 0., 4.7632612609863281e+02,
       -1.4022780358768497e+02, 0., 6.9972691554787775e+02,
       2.9151318740844727e+02, 0., 0., 0., 1., 0. ]
Q: !!opencv-matrix
   rows: 4
   cols: 4
   dt: d
   data: [ 1., 0., 0., -4.7632612609863281e+02, 0., 1., 0.,
       -2.9151318740844727e+02, 0., 0., 0., 6.9972691554787775e+02, 0.,
       0., 4.9899299400374328e+00, 0. ]
